我	27	16
不	6	14
请	31	13
哦	7	10
服务	33	10
等	30	10
加	31	10
你	27	9
上	8	8
联系	31	8
qq	16	7
电话	16	6
快	6	6
来	8	6
奶	16	6
聊	31	6
了	36	6
哥哥	16	5
看	31	5
试看	31	5
提供	31	5
元	26	5
打	31	5
表演	33	5
24	15	5
满意	31	5
摸	31	5
妹妹	16	5
头像	16	5
聊天	31	5
小时	16	5
5	15	5
寂寞	1	4
号	16	4
此	27	4
其	27	4
分	29	4
10	15	4
天	16	4
激情	16	4
点	16	4
qb	16	4
需要	31	4
混	31	4
找	31	4
都	6	4
复制	31	3
视频	16	3
让	31	3
开	31	3
爽	38	3
大号	4	3
陪	31	3
器	16	3
到	31	3
要	31	3
白领	4	3
空虚	1	3
浏览	31	3
后悔	31	3
想	31	3
君	42	3
先	6	3
一个	15	3
就	6	3
湿	1	3
兄弟	16	3
亲	31	3
热线	16	3
⒎	16	3
分钟	26	3
爱	31	3
有	31	3
露	31	3
自慰	31	3
中	8	3
⒍	16	3
不能	31	2
无	31	2
为	25	2
10199	15	2
图象	16	2
三	15	2
	16	2
各位	27	2
乱发	31	2
9256	15	2
好几	15	2
意	12	2
爽歪歪	31	2
表	16	2
被	25	2
嘿	7	2
告诉	31	2
1	15	2
远	1	2
待	31	2
着	30	2
进	31	2
姐	16	2
您	27	2
2158	15	2
少妇	16	2
	16	2
学生	16	2
O	16	2
阴	1	2
晶晶	17	2
2111	15	2
188	15	2
们	13	2
一	15	2
b	23	2
16	15	2
小妹	16	2
H	16	2
付费	31	2
`	16	2
活动	33	2
哭泣	31	2
域名	16	2
ん	16	2
全裸	1	2
8	15	2
げ	16	2
こ	16	2
下	8	2
电影	16	2
付	31	2
4491	15	2
占线	31	2
散	31	2
wd	23	2
G	16	2
伤	31	2
模特	16	2
看着	31	2
详询	31	2
接待	31	2
失	31	2
奈	46	2
	16	2
9	15	2
直接	1	2
鼠标	16	2
等不及	31	2
求	31	2
拥有	31	2
恋	31	2
心	16	2
百	15	2
下边	8	2
营业	33	2
正常	1	2
交往	33	2
721	15	2
几	15	2
址	42	2
只	6	2
绕行	31	2
⒈	16	2
入账	31	2
回复	31	2
1368	15	2
五	15	1
吻	31	1
0	15	1
照片	16	1
精装	4	1
	16	1
有效	1	1
日志	16	1
四	15	1
295	15	1
消息	16	1
tel	23	1
	16	1
人	16	1
裤	42	1
扣	31	1
谢谢	31	1
计划	16	1
美女	16	1
入	31	1
乳	42	1
可	31	1
关于	25	1
尤物	16	1
郡	42	1
群	42	1
几百	15	1
骗子	16	1
30	15	1
全	1	1
访问	31	1
恕	46	1
339	15	1
b	16	1
自动	6	1
性感	1	1
得了	31	1
tell	23	1
做爱	31	1
过程	16	1
后	8	1
和	5	1
何	27	1
f	23	1
本	27	1
qq28	23	1
钶	16	1
无聊	1	1
暧	38	1
232	15	1
详	38	1
1051	15	1
再	6	1
哉	36	1
打开	31	1
调整	31	1
	16	1
曰	46	1
充满	31	1
原	4	1
在	25	1
合作	20	1
q	23	1
祢	42	1
七	15	1
解	31	1
总	4	1
网站	16	1
21	15	1
28	15	1
散场	31	1
使用	31	1
401	15	1
值得	31	1
噫	7	1
反复	6	1
将	25	1
一般	1	1
378	15	1
狼	16	1
朗	38	1
呀	36	1
88	15	1
390	15	1
乐	1	1
小号	16	1
非	6	1
真诚	1	1
已经	6	1
诠	46	1
装备	16	1
92038	15	1
阳	38	1
夜晚	29	1
会所	16	1
房	16	1
首付	16	1
近期	29	1
H	16	1
w	23	1
诚信	31	1
集团	16	1
179	15	1
求人	31	1
一级	4	1
没	31	1
现在	29	1
181	15	1
186	15	1
衣	42	1
安慰	31	1
也	6	1
绕道	31	1
门	16	1
手机	16	1
没有	31	1
15	15	1
ghy188	23	1
空姐	16	1
改变	31	1
7773	15	1
主动	2	1
王	16	1
o	16	1
327	15	1
年轻	1	1
三级	4	1
暂时	6	1
看看	31	1
关系	16	1
第	15	1
228	15	1
得	30	1
闲聊	31	1
疲惫	1	1
最新	1	1
城市	16	1
像	31	1
举	31	1
qa	23	1
410	15	1
免费	33	1
至上	31	1
充值	31	1
解除	31	1
3	15	1
367	15	1
我们	27	1
wo	23	1
长期	6	1
哥	12	1
进行	31	1
个	26	1
朋友	16	1
甜蜜	1	1
给	25	1
s	26	1
com	23	1
A	16	1
空间	16	1
妹子	16	1
室	16	1
宣传	33	1
是	31	1
介绍	31	1
	16	1
400	15	1
诚意	16	1
时	42	1
今天	29	1
太多	1	1
2103	15	1
嘻嘻	24	1
5294	15	1
会	31	1
内	8	1
直播	31	1
享受	33	1
	16	1
咨询	33	1
喜欢	31	1
一流	4	1
扌	23	1
001	15	1
	16	1
这	27	1
者	16	1
照	31	1
[	16	1
期待	31	1
广告	16	1
下面	8	1
懂	31	1
雪儿	17	1
老板	16	1
284	15	1
287	15	1
包爽	17	1
休闲	31	1
265	15	1
儿	42	1
耳	16	1
332	15	1
雨涵	17	1
随叫随到	14	1
www	23	1
花钱	31	1
114	15	1
117	15	1
玩	31	1
舒心	1	1
身材	16	1
两	15	1
吧	36	1
谅解	33	1
兼	31	1
孔子	17	1
包	31	1
宾客	16	1
教程	16	1
馨	42	1
裸	46	1
详细	1	1
今晚	29	1
买	31	1
在家	31	1
满	1	1
供	31	1
与	25	1
收费	31	1
不料	6	1
	16	1
正在	6	1
友	42	1
地址	16	1
永	6	1
yoho	23	1
鲭	42	1
头	16	1
大兴	31	1
1891	15	1
一一	6	1
缠绵	1	1
置	31	1
钟	16	1
万	15	1
⒏	16	1
⒐	16	1
夹	31	1
潮	16	1
退	31	1
脱	31	1
